
Task 1 Part 1
Result of wc vendor2.csv

  2206417   6619251 272950834 vendor2.csv

Task 1 Part 2
Result of head -10 no-separators.csv

vendorid,tpep_pickup_datetime,tpep_dropoff_datetime,passenger_count,trip_distance,ratecodeid,store_and_fwd_flag,pulocationid,dolocationid,payment_type,fare_amount,extra,mta_tax,tip_amount,tolls_amount,improvement_surcharge,total_amount,congestion_surcharge
1.0,20190101 004640.000000,20190101 005320.000000,1.0,1.5,1.0,N,151.0,239.0,1.0,7.0,0.5,0.5,1.65,0.0,0.3,9.95,
1.0,20190101 005947.000000,20190101 011859.000000,1.0,2.6,1.0,N,239.0,246.0,1.0,14.0,0.5,0.5,1.0,0.0,0.3,16.3,
2.0,20181221 134830.000000,20181221 135240.000000,3.0,0.0,1.0,N,236.0,236.0,1.0,4.5,0.5,0.5,0.0,0.0,0.3,5.8,
2.0,20181128 155225.000000,20181128 155545.000000,5.0,0.0,1.0,N,193.0,193.0,2.0,3.5,0.5,0.5,0.0,0.0,0.3,7.55,
2.0,20181128 155657.000000,20181128 155833.000000,5.0,0.0,2.0,N,193.0,193.0,2.0,52.0,0.0,0.5,0.0,0.0,0.3,55.55,
2.0,20181128 162549.000000,20181128 162826.000000,5.0,0.0,1.0,N,193.0,193.0,2.0,3.5,0.5,0.5,0.0,5.76,0.3,13.31,
2.0,20181128 162937.000000,20181128 163343.000000,5.0,0.0,2.0,N,193.0,193.0,2.0,52.0,0.0,0.5,0.0,0.0,0.3,55.55,
1.0,20190101 002128.000000,20190101 002837.000000,1.0,1.3,1.0,N,163.0,229.0,1.0,6.5,0.5,0.5,1.25,0.0,0.3,9.05,
1.0,20190101 003201.000000,20190101 004539.000000,1.0,3.7,1.0,N,229.0,7.0,1.0,13.5,0.5,0.5,3.7,0.0,0.3,18.5,

Task 1 Part 3
Result of head -10 no-fractions.csv

vendorid,tpep_pickup_datetime,tpep_dropoff_datetime,passenger_count,trip_distance,ratecodeid,store_and_fwd_flag,pulocationid,dolocationid,payment_type,fare_amount,extra,mta_tax,tip_amount,tolls_amount,improvement_surcharge,total_amount,congestion_surcharge
1,20190101 004640,20190101 005320,1,1,1,N,151,239,1,7,0,0,1,0,0,9,
1,20190101 005947,20190101 011859,1,2,1,N,239,246,1,14,0,0,1,0,0,16,
2,20181221 134830,20181221 135240,3,0,1,N,236,236,1,4,0,0,0,0,0,5,
2,20181128 155225,20181128 155545,5,0,1,N,193,193,2,3,0,0,0,0,0,7,
2,20181128 155657,20181128 155833,5,0,2,N,193,193,2,52,0,0,0,0,0,55,
2,20181128 162549,20181128 162826,5,0,1,N,193,193,2,3,0,0,0,5,0,13,
2,20181128 162937,20181128 163343,5,0,2,N,193,193,2,52,0,0,0,0,0,55,
1,20190101 002128,20190101 002837,1,1,1,N,163,229,1,6,0,0,1,0,0,9,
1,20190101 003201,20190101 004539,1,3,1,N,229,7,1,13,0,0,3,0,0,18,


Result of Task 2

 545178 0.0
  85412 1.0
  78947 2.0
  43173 1.76
  41198 1.86
  38381 1.96
  35855 2.06
  32715 2.16
  30581 1.5
  29302 2.26
  27069 2.45
  26542 3.0
  26419 2.36
  23844 2.46
  23767 1.75
  23278 2.05
  22230 1.85
  21364 5.0
  21177 2.56
  19822 2.2
